{
 "cells": [
  {
   "cell_type": "code",
   "execution_count": 1,
   "metadata": {},
   "outputs": [],
   "source": [
    "import numpy as np \n",
    "import pandas as pd \n",
    "import matplotlib.pyplot as plt\n",
    "import seaborn as sns \n"
   ]
  },
  {
   "cell_type": "code",
   "execution_count": 2,
   "metadata": {},
   "outputs": [
    {
     "data": {
      "text/html": [
       "<div>\n",
       "<style scoped>\n",
       "    .dataframe tbody tr th:only-of-type {\n",
       "        vertical-align: middle;\n",
       "    }\n",
       "\n",
       "    .dataframe tbody tr th {\n",
       "        vertical-align: top;\n",
       "    }\n",
       "\n",
       "    .dataframe thead th {\n",
       "        text-align: right;\n",
       "    }\n",
       "</style>\n",
       "<table border=\"1\" class=\"dataframe\">\n",
       "  <thead>\n",
       "    <tr style=\"text-align: right;\">\n",
       "      <th></th>\n",
       "      <th>mcv</th>\n",
       "      <th>alkphos</th>\n",
       "      <th>sgpt</th>\n",
       "      <th>sgot</th>\n",
       "      <th>gammagt</th>\n",
       "      <th>drinks</th>\n",
       "      <th>addicted</th>\n",
       "    </tr>\n",
       "  </thead>\n",
       "  <tbody>\n",
       "    <tr>\n",
       "      <th>0</th>\n",
       "      <td>91</td>\n",
       "      <td>96</td>\n",
       "      <td>35</td>\n",
       "      <td>22</td>\n",
       "      <td>135</td>\n",
       "      <td>0.5</td>\n",
       "      <td>0</td>\n",
       "    </tr>\n",
       "    <tr>\n",
       "      <th>1</th>\n",
       "      <td>82</td>\n",
       "      <td>62</td>\n",
       "      <td>17</td>\n",
       "      <td>17</td>\n",
       "      <td>15</td>\n",
       "      <td>0.5</td>\n",
       "      <td>0</td>\n",
       "    </tr>\n",
       "    <tr>\n",
       "      <th>2</th>\n",
       "      <td>92</td>\n",
       "      <td>67</td>\n",
       "      <td>23</td>\n",
       "      <td>15</td>\n",
       "      <td>12</td>\n",
       "      <td>0.5</td>\n",
       "      <td>0</td>\n",
       "    </tr>\n",
       "    <tr>\n",
       "      <th>3</th>\n",
       "      <td>89</td>\n",
       "      <td>62</td>\n",
       "      <td>42</td>\n",
       "      <td>30</td>\n",
       "      <td>20</td>\n",
       "      <td>3.0</td>\n",
       "      <td>0</td>\n",
       "    </tr>\n",
       "    <tr>\n",
       "      <th>4</th>\n",
       "      <td>98</td>\n",
       "      <td>77</td>\n",
       "      <td>55</td>\n",
       "      <td>35</td>\n",
       "      <td>89</td>\n",
       "      <td>15.0</td>\n",
       "      <td>1</td>\n",
       "    </tr>\n",
       "    <tr>\n",
       "      <th>...</th>\n",
       "      <td>...</td>\n",
       "      <td>...</td>\n",
       "      <td>...</td>\n",
       "      <td>...</td>\n",
       "      <td>...</td>\n",
       "      <td>...</td>\n",
       "      <td>...</td>\n",
       "    </tr>\n",
       "    <tr>\n",
       "      <th>140</th>\n",
       "      <td>96</td>\n",
       "      <td>68</td>\n",
       "      <td>18</td>\n",
       "      <td>19</td>\n",
       "      <td>19</td>\n",
       "      <td>0.5</td>\n",
       "      <td>0</td>\n",
       "    </tr>\n",
       "    <tr>\n",
       "      <th>141</th>\n",
       "      <td>90</td>\n",
       "      <td>73</td>\n",
       "      <td>34</td>\n",
       "      <td>21</td>\n",
       "      <td>22</td>\n",
       "      <td>2.0</td>\n",
       "      <td>0</td>\n",
       "    </tr>\n",
       "    <tr>\n",
       "      <th>142</th>\n",
       "      <td>92</td>\n",
       "      <td>77</td>\n",
       "      <td>86</td>\n",
       "      <td>41</td>\n",
       "      <td>31</td>\n",
       "      <td>10.0</td>\n",
       "      <td>1</td>\n",
       "    </tr>\n",
       "    <tr>\n",
       "      <th>143</th>\n",
       "      <td>91</td>\n",
       "      <td>107</td>\n",
       "      <td>20</td>\n",
       "      <td>20</td>\n",
       "      <td>56</td>\n",
       "      <td>0.5</td>\n",
       "      <td>0</td>\n",
       "    </tr>\n",
       "    <tr>\n",
       "      <th>144</th>\n",
       "      <td>90</td>\n",
       "      <td>60</td>\n",
       "      <td>23</td>\n",
       "      <td>27</td>\n",
       "      <td>5</td>\n",
       "      <td>0.5</td>\n",
       "      <td>0</td>\n",
       "    </tr>\n",
       "  </tbody>\n",
       "</table>\n",
       "<p>145 rows × 7 columns</p>\n",
       "</div>"
      ],
      "text/plain": [
       "     mcv  alkphos  sgpt  sgot  gammagt  drinks  addicted\n",
       "0     91       96    35    22      135     0.5         0\n",
       "1     82       62    17    17       15     0.5         0\n",
       "2     92       67    23    15       12     0.5         0\n",
       "3     89       62    42    30       20     3.0         0\n",
       "4     98       77    55    35       89    15.0         1\n",
       "..   ...      ...   ...   ...      ...     ...       ...\n",
       "140   96       68    18    19       19     0.5         0\n",
       "141   90       73    34    21       22     2.0         0\n",
       "142   92       77    86    41       31    10.0         1\n",
       "143   91      107    20    20       56     0.5         0\n",
       "144   90       60    23    27        5     0.5         0\n",
       "\n",
       "[145 rows x 7 columns]"
      ]
     },
     "execution_count": 2,
     "metadata": {},
     "output_type": "execute_result"
    }
   ],
   "source": [
    "# read data\n",
    "all_data = pd.read_csv(\"blood_test.txt\")\n",
    "\n",
    "# set labale addicted to data\n",
    "def SetLabel(row):\n",
    "    if row['drinks'] > 5 :\n",
    "        return 1\n",
    "    return 0\n",
    "\n",
    "all_data['addicted'] = all_data.apply (lambda row: SetLabel(row), axis=1)\n",
    "\n",
    "# seperate test and train data\n",
    "train_data = all_data.loc[all_data['selector'] == 1]\n",
    "train_data = train_data.drop('selector', axis=1)\n",
    "\n",
    "test_data = all_data.loc[all_data['selector'] == 2]\n",
    "test_data = test_data.drop('selector', axis=1)\n",
    "\n",
    "# shffule data \n",
    "train_data = train_data.sample(frac=1).reset_index(drop=True)\n",
    "test_data = test_data.sample(frac=1).reset_index(drop=True)\n",
    "train_data"
   ]
  },
  {
   "cell_type": "code",
   "execution_count": 3,
   "metadata": {},
   "outputs": [],
   "source": [
    "# not addicted class \n",
    "train_data = train_data.sample(frac=1).reset_index(drop=True)\n",
    "train_data_ = train_data.sample(10)\n",
    "not_addicted_10_sample = train_data_.loc[train_data['addicted'] == 0].drop('addicted', axis=1)\n",
    "addicted_10_sample = train_data_.loc[train_data['addicted'] == 1].drop('addicted', axis=1)\n",
    "\n",
    "train_data = train_data.sample(frac=1).reset_index(drop=True)\n",
    "train_data_ = train_data.sample(50)\n",
    "not_addicted_50_sample = train_data_.loc[train_data['addicted'] == 0].drop('addicted', axis=1)\n",
    "addicted_50_sample = train_data_.loc[train_data['addicted'] == 1].drop('addicted', axis=1)\n",
    "\n",
    "train_data = train_data.sample(frac=1).reset_index(drop=True)\n",
    "train_data_ = train_data.sample(100)\n",
    "not_addicted_100_sample = train_data_.loc[train_data['addicted'] == 0].drop('addicted', axis=1)\n",
    "addicted_100_sample = train_data_.loc[train_data['addicted'] == 1].drop('addicted', axis=1)\n"
   ]
  },
  {
   "cell_type": "code",
   "execution_count": 4,
   "metadata": {},
   "outputs": [
    {
     "name": "stdout",
     "output_type": "stream",
     "text": [
      "======> Estimated Parameter for not addicted class <======\n",
      "\n",
      "--> Count of random samples: 7 out of 10\n",
      "Means:  [91.57142857 62.85714286 23.28571429 21.         15.71428571  1.35714286]\n",
      "Covariance:  [[ 21.28571429  22.42857143  23.47619048   8.66666667  12.19047619\n",
      "    2.17857143]\n",
      " [ 22.42857143 188.80952381  -9.61904762  19.5         15.28571429\n",
      "   14.89285714]\n",
      " [ 23.47619048  -9.61904762 122.23809524  42.33333333  66.0952381\n",
      "    5.96428571]\n",
      " [  8.66666667  19.5         42.33333333  37.          41.5\n",
      "    5.75      ]\n",
      " [ 12.19047619  15.28571429  66.0952381   41.5         68.57142857\n",
      "    4.36904762]\n",
      " [  2.17857143  14.89285714   5.96428571   5.75         4.36904762\n",
      "    2.22619048]]\n",
      "\n",
      "--> Count of random samples: 33 out of 50\n",
      "Means:  [88.84848485 73.15151515 25.57575758 21.63636364 23.45454545  1.33333333]\n",
      "Covariance:  [[ 1.26950758e+01 -7.26325758e-01 -1.21600379e+01 -1.19318182e-01\n",
      "  -1.39289773e+01  8.95833333e-01]\n",
      " [-7.26325758e-01  3.65570076e+02  3.81628788e+00  1.38693182e+01\n",
      "   6.69602273e+01 -9.00520833e+00]\n",
      " [-1.21600379e+01  3.81628788e+00  7.18143939e+01  1.70284091e+01\n",
      "   7.32301136e+01  1.13020833e+00]\n",
      " [-1.19318182e-01  1.38693182e+01  1.70284091e+01  3.91761364e+01\n",
      "   2.73579545e+01  6.71875000e-01]\n",
      " [-1.39289773e+01  6.69602273e+01  7.32301136e+01  2.73579545e+01\n",
      "   3.00005682e+02  2.46875000e+00]\n",
      " [ 8.95833333e-01 -9.00520833e+00  1.13020833e+00  6.71875000e-01\n",
      "   2.46875000e+00  1.77604167e+00]]\n",
      "\n",
      "--> Count of random samples: 64 out of 100\n",
      "Means:  [89.21875  74.171875 28.390625 20.3125   24.46875   1.390625]\n",
      "Covariance:  [[ 1.21418651e+01  2.70783730e+00 -4.72172619e+00 -4.67261905e+00\n",
      "  -4.42162698e+00  7.38591270e-01]\n",
      " [ 2.70783730e+00  2.83033482e+02 -6.13169643e+00  7.70734127e+00\n",
      "   7.75213294e+01 -5.43328373e+00]\n",
      " [-4.72172619e+00 -6.13169643e+00  1.04908482e+02  3.29394841e+01\n",
      "   9.14489087e+01 -1.94692460e-01]\n",
      " [-4.67261905e+00  7.70734127e+00  3.29394841e+01  3.96468254e+01\n",
      "   3.35654762e+01  5.10912698e-01]\n",
      " [-4.42162698e+00  7.75213294e+01  9.14489087e+01  3.35654762e+01\n",
      "   4.63364087e+02 -3.00347222e+00]\n",
      " [ 7.38591270e-01 -5.43328373e+00 -1.94692460e-01  5.10912698e-01\n",
      "  -3.00347222e+00  1.69419643e+00]]\n"
     ]
    }
   ],
   "source": [
    "# normal distribution parameter with maximum likelihood estimation is the same mean and covariance of dataset\n",
    "\n",
    "# NOTE\n",
    "# in previous Homework we immplemented normal distribution calculation, then in this HW i used built-in function in pandas\n",
    "# to calculate mean and covariance \n",
    "\n",
    "print(\"======> Estimated Parameter for not addicted class <======\\n\")\n",
    "print(\"--> Count of random samples: {0} out of 10\".format(not_addicted_10_sample.shape[0]))\n",
    "print(\"Means: \",np.array(not_addicted_10_sample.mean()))\n",
    "print(\"Covariance: \", np.array(not_addicted_10_sample.cov()))\n",
    "\n",
    "print(\"\\n--> Count of random samples: {0} out of 50\".format(not_addicted_50_sample.shape[0]))\n",
    "print(\"Means: \",np.array(not_addicted_50_sample.mean()))\n",
    "print(\"Covariance: \", np.array(not_addicted_50_sample.cov()))\n",
    "\n",
    "print(\"\\n--> Count of random samples: {0} out of 100\".format(not_addicted_100_sample.shape[0]))\n",
    "print(\"Means: \",np.array(not_addicted_100_sample.mean()))\n",
    "print(\"Covariance: \", np.array(not_addicted_100_sample.cov()))\n"
   ]
  },
  {
   "cell_type": "code",
   "execution_count": 5,
   "metadata": {},
   "outputs": [
    {
     "name": "stdout",
     "output_type": "stream",
     "text": [
      "======> Estimated Parameter for addicted class <======\n",
      "\n",
      "--> Count of random samples: 3 out of 10\n",
      "Means:  [94.         76.66666667 27.66666667 20.33333333 27.33333333  6.        ]\n",
      "Covariance:  [[ 12.          73.          10.          17.          14.\n",
      "    0.        ]\n",
      " [ 73.         450.33333333  33.33333333  94.66666667  57.66666667\n",
      "    0.        ]\n",
      " [ 10.          33.33333333 129.33333333  52.66666667 132.66666667\n",
      "    0.        ]\n",
      " [ 17.          94.66666667  52.66666667  36.33333333  58.33333333\n",
      "    0.        ]\n",
      " [ 14.          57.66666667 132.66666667  58.33333333 137.33333333\n",
      "    0.        ]\n",
      " [  0.           0.           0.           0.           0.\n",
      "    0.        ]]\n",
      "\n",
      "--> Count of random samples: 17 out of 50\n",
      "Means:  [92.35294118 73.52941176 39.41176471 26.35294118 55.88235294  8.41176471]\n",
      "Covariance:  [[ 4.11764706e+00 -4.13602941e+00 -6.71691176e+00 -3.00735294e+00\n",
      "   1.51691176e+01  8.45588235e-01]\n",
      " [-4.13602941e+00  4.19639706e+02  1.10455882e+02  1.32389706e+01\n",
      "   1.45378676e+02  1.95183824e+01]\n",
      " [-6.71691176e+00  1.10455882e+02  5.76882353e+02  1.42470588e+02\n",
      "   8.05801471e+02  4.41323529e+01]\n",
      " [-3.00735294e+00  1.32389706e+01  1.42470588e+02  5.56176471e+01\n",
      "   1.89356618e+02  9.40808824e+00]\n",
      " [ 1.51691176e+01  1.45378676e+02  8.05801471e+02  1.89356618e+02\n",
      "   2.51773529e+03  9.74264706e+01]\n",
      " [ 8.45588235e-01  1.95183824e+01  4.41323529e+01  9.40808824e+00\n",
      "   9.74264706e+01  1.53823529e+01]]\n",
      "\n",
      "--> Count of random samples: 36 out of 100\n",
      "Means:  [93.47222222 74.25       41.30555556 27.61111111 51.80555556  8.47222222]\n",
      "Covariance:  [[1.33420635e+01 1.29357143e+01 1.61087302e+01 1.43317460e+01\n",
      "  6.92087302e+01 2.02777778e+00]\n",
      " [1.29357143e+01 4.18935714e+02 4.15000000e+00 2.78142857e+01\n",
      "  2.07421429e+02 1.57928571e+01]\n",
      " [1.61087302e+01 4.15000000e+00 5.06903968e+02 1.60465079e+02\n",
      "  5.39603968e+02 2.09373016e+01]\n",
      " [1.43317460e+01 2.78142857e+01 1.60465079e+02 9.04158730e+01\n",
      "  2.50979365e+02 8.27460317e+00]\n",
      " [6.92087302e+01 2.07421429e+02 5.39603968e+02 2.50979365e+02\n",
      "  2.16616111e+03 5.47230159e+01]\n",
      " [2.02777778e+00 1.57928571e+01 2.09373016e+01 8.27460317e+00\n",
      "  5.47230159e+01 1.39134921e+01]]\n"
     ]
    }
   ],
   "source": [
    "print(\"======> Estimated Parameter for addicted class <======\\n\")\n",
    "print(\"--> Count of random samples: {0} out of 10\".format(addicted_10_sample.shape[0]))\n",
    "print(\"Means: \",np.array(addicted_10_sample.mean()))\n",
    "print(\"Covariance: \", np.array(addicted_10_sample.cov()))\n",
    "\n",
    "print(\"\\n--> Count of random samples: {0} out of 50\".format(addicted_50_sample.shape[0]))\n",
    "print(\"Means: \",np.array(addicted_50_sample.mean()))\n",
    "print(\"Covariance: \", np.array(addicted_50_sample.cov()))\n",
    "\n",
    "print(\"\\n--> Count of random samples: {0} out of 100\".format(addicted_100_sample.shape[0]))\n",
    "print(\"Means: \",np.array(addicted_100_sample.mean()))\n",
    "print(\"Covariance: \", np.array(addicted_100_sample.cov()))"
   ]
  },
  {
   "cell_type": "code",
   "execution_count": null,
   "metadata": {},
   "outputs": [],
   "source": []
  },
  {
   "cell_type": "code",
   "execution_count": null,
   "metadata": {},
   "outputs": [],
   "source": []
  }
 ],
 "metadata": {
  "kernelspec": {
   "display_name": "Python 3",
   "language": "python",
   "name": "python3"
  },
  "language_info": {
   "codemirror_mode": {
    "name": "ipython",
    "version": 3
   },
   "file_extension": ".py",
   "mimetype": "text/x-python",
   "name": "python",
   "nbconvert_exporter": "python",
   "pygments_lexer": "ipython3",
   "version": "3.9.12"
  }
 },
 "nbformat": 4,
 "nbformat_minor": 4
}
